-510.987, -503.944, 1859.86, 0.113189, -0.182487, 0.00349404
-515.38, -503.695, 1865.19, 0.0825149, -0.188104, 0.0111182
-519.732, -500.614, 1872.49, 0.0871902, -0.195023, 0.0166612
-522.495, -497.388, 1875.36, 0.0804275, -0.194264, 0.0157841
-522.586, -493.619, 1870.27, 0.107114, -0.184908, 0.0238203
-526.586, -495.802, 1881.58, 0.113354, -0.17558, 0.0298765
-526.865, -495.654, 1881.87, 0.108776, -0.176665, 0.0284143
-527.808, -495.714, 1885.45, 0.105142, -0.174518, 0.0260228
-528.303, -495.888, 1890.27, 0.0770496, -0.169867, 0.0285619
-524.793, -490.68, 1882.35, 0.11399, -0.177101, 0.0311155
-526.595, -491.221, 1893.18, 0.0845941, -0.167737, 0.0275655
-524.601, -486.459, 1892.53, 0.116181, -0.171664, 0.0241672
-523.237, -481.768, 1892.91, 0.140149, -0.178222, 0.0198311
-523.242, -475.808, 1897.3, 0.150235, -0.16341, 0.0224667
-525.674, -469.878, 1910.38, 0.128093, -0.155722, 0.0161388
-525.759, -457.932, 1915.12, 0.0850926, -0.152966, 0.00712741
-521.787, -438.55, 1903.47, 0.108724, -0.136537, 0.0158942
-525.136, -423.889, 1918.93, 0.119795, -0.137444, 0.0191752
-525.783, -406.864, 1924.94, 0.141136, -0.145711, 0.0124332
-527.641, -397.204, 1936.46, 0.17199, -0.148173, 0.00935117
-523.018, -389.832, 1926.16, 0.23467, -0.12953, 0.0155083
-523.109, -389.774, 1935.62, 0.242646, -0.118254, 0.0260016
-521.69, -390.986, 1942.3, 0.234475, -0.118239, 0.0264104
-520.901, -393.7, 1950.61, 0.219636, -0.116137, 0.0326869
-517.448, -393.825, 1950.25, 0.219872, -0.114651, 0.0326598
-513.997, -393.95, 1949.9, 0.220107, -0.113162, 0.0326325
-514.048, -394.152, 1949.93, 0.220196, -0.113183, 0.0326401
-514.099, -394.354, 1949.96, 0.220285, -0.113203, 0.0326477
-514.15, -394.556, 1949.98, 0.220374, -0.113224, 0.0326553
-514.201, -394.757, 1950.01, 0.220463, -0.113244, 0.032663
-514.252, -394.959, 1950.04, 0.220552, -0.113265, 0.0326706
-514.303, -395.161, 1950.07, 0.220641, -0.113285, 0.0326782
-514.354, -395.363, 1950.09, 0.22073, -0.113306, 0.0326858
-514.405, -395.565, 1950.12, 0.220819, -0.113326, 0.0326935
-514.456, -395.767, 1950.15, 0.220908, -0.113347, 0.0327011
-514.507, -395.969, 1950.18, 0.220997, -0.113367, 0.0327087
-514.558, -396.171, 1950.2, 0.221086, -0.113388, 0.0327163
-514.608, -396.373, 1950.23, 0.221175, -0.113408, 0.0327239
-514.659, -396.575, 1950.26, 0.221263, -0.113429, 0.0327316
-514.71, -396.777, 1950.29, 0.221352, -0.113449, 0.0327392
-514.761, -396.979, 1950.31, 0.221441, -0.113469, 0.0327468
-514.812, -397.181, 1950.34, 0.22153, -0.11349, 0.0327544
-514.863, -397.382, 1950.37, 0.221619, -0.11351, 0.032762
-514.914, -397.584, 1950.4, 0.221708, -0.113531, 0.0327696
-514.965, -397.786, 1950.42, 0.221797, -0.113551, 0.0327773
-515.016, -397.988, 1950.45, 0.221886, -0.113572, 0.0327849
-515.067, -398.19, 1950.48, 0.221974, -0.113592, 0.0327925
-515.118, -398.392, 1950.51, 0.222063, -0.113613, 0.0328001
-515.169, -398.594, 1950.53, 0.222152, -0.113633, 0.0328077
-518.724, -398.874, 1950.94, 0.222093, -0.115161, 0.0328503
-522.281, -399.155, 1951.35, 0.222033, -0.116688, 0.0328928
-525.84, -399.436, 1951.77, 0.221972, -0.118212, 0.0329351
-529.401, -399.718, 1952.18, 0.221912, -0.119735, 0.0329772
-532.965, -400, 1952.6, 0.22185, -0.121256, 0.0330192
-540.047, -400.365, 1953.42, 0.221638, -0.124272, 0.0330952
-547.137, -400.731, 1954.25, 0.221424, -0.12728, 0.0331706
-554.124, -397.61, 1954.69, 0.219646, -0.130265, 0.0331205
-561.007, -391.001, 1954.76, 0.216309, -0.133227, 0.0329441
-567.896, -384.396, 1954.84, 0.212974, -0.136182, 0.0327658
-574.793, -377.795, 1954.96, 0.209644, -0.139132, 0.0325857
-581.587, -367.718, 1954.72, 0.204756, -0.14206, 0.0322766
-592.15, -364.684, 1955.68, 0.202848, -0.146483, 0.0322512
-598.965, -354.616, 1955.51, 0.197971, -0.149396, 0.0319371
-576.439, -319.982, 1853.28, 0.591388, -0.122831, 0.231116
-562.851, -293.663, 1789.55, 0.724577, -0.146561, 0.280366
-547.905, -267.145, 1728.46, 0.837196, -0.138384, 0.296287
-551.511, -252.074, 1726.1, 0.898778, -0.129162, 0.308365
-545.638, -232.514, 1694.48, 0.94823, -0.143779, 0.30861
-545.03, -216.854, 1679.71, 0.987739, -0.183108, 0.321352
-540.188, -193.269, 1653.55, 1.112, -0.236139, 0.297305
-497.552, -169.353, 1540.22, 1.02755, -0.200396, 0.139844
-499.095, -169.264, 1543.24, 1.01152, -0.193623, 0.109047
-502.664, -173.488, 1558.88, 0.981458, -0.189253, 0.0736529
-505.506, -181.365, 1571.72, 0.945837, -0.178774, 0.0558792
-502.398, -189.112, 1570.21, 0.907343, -0.154317, 0.0453934
-497.841, -198.786, 1565.66, 0.842512, -0.130236, 0.0461419
-490.951, -208.547, 1558.78, 0.764603, -0.117937, 0.0492888
-494.961, -223.786, 1587.16, 0.672443, -0.171817, 0.0433762
-495.776, -237.062, 1607.81, 0.553999, -0.189802, 0.0318692
-488.386, -247.667, 1602.08, 0.467719, -0.21448, 0.0314164
-478.715, -261.06, 1611.51, 0.381226, -0.171403, 0.0221399
-475.424, -279.124, 1645.99, 0.356603, -0.0806807, 0.0389279
-462.793, -288.772, 1642.67, 0.348597, 0.00694415, 0.045037
-451.314, -300.491, 1651.99, 0.330622, 0.000483425, 0.0355806
-444.973, -316.535, 1688.54, 0.331734, 0.00199142, 0.0259458
-437.634, -330.819, 1721.45, 0.280697, 0.0313493, 0.025443
-425.609, -340.328, 1738.89, 0.26635, 0.0477146, 0.0308145
-409.696, -341.417, 1731.91, 0.2816, 0.0487135, 0.0443032
-405.862, -348.302, 1757.51, 0.227391, 0.0280818, 0.0452281
-399.354, -349.609, 1769.67, 0.242383, 0.00835656, 0.0653279
-385.233, -350.616, 1783.39, 0.267953, -0.0106618, 0.0521628
-378.99, -352.79, 1795.88, 0.298222, -0.0084702, 0.0489891
-373.258, -354.049, 1805.07, 0.300697, -0.00885103, 0.0431394
-367.7, -355.512, 1809.61, 0.325121, -0.00768962, 0.0403092
-362.404, -356.171, 1813.69, 0.328605, -0.0111678, 0.0341931
-357.299, -356.232, 1813.72, 0.341129, -0.0113078, 0.0251847
-353.333, -356.145, 1817.69, 0.345432, -0.0255379, 0.0199945
-346.592, -351.204, 1805.08, 0.353663, -0.0477997, 0.0133288
-343.762, -349.399, 1805.85, 0.355921, -0.0490662, 0.00448454
-342.545, -348.574, 1807.8, 0.35082, -0.0523915, -0.000227207
-340.448, -345.811, 1798.82, 0.379384, -0.0584038, -0.000891175
-339.079, -344.974, 1792.62, 0.409305, -0.0658697, -0.00285102
-338.807, -344.241, 1788.23, 0.429067, -0.0781719, -0.00796441
-338.517, -343.026, 1779.23, 0.426443, -0.0793164, -0.0130884
-341.191, -345.307, 1785.27, 0.408166, -0.0808477, -0.0217291
-341.7, -344.504, 1773.9, 0.415701, -0.0711175, -0.0213678
-342.005, -345.215, 1762.91, 0.421557, -0.0705867, -0.0259411
-343.163, -346.793, 1757.87, 0.404165, -0.0745976, -0.0293684
-343.813, -346.91, 1744.74, 0.401789, -0.0801219, -0.0256636
-346.818, -349.563, 1738.57, 0.394397, -0.0906226, -0.0249875
-352.526, -354.39, 1741.15, 0.361601, -0.0950469, -0.0250629
-354.806, -354.877, 1721.69, 0.39615, -0.0897102, 0.0005714
-359.172, -357.396, 1708.04, 0.401758, -0.0899953, 0.00500511
-358.868, -355.077, 1667.59, 0.441235, -0.0827249, 0.0168525
-364.11, -357.761, 1655.25, 0.429055, -0.0689291, 0.00932715
-372.662, -364.033, 1657.75, 0.404854, -0.0756593, -0.00342785
-381.137, -365.918, 1640.75, 0.381661, -0.0621446, -0.0132914
-389.5, -367.639, 1623.09, 0.357203, -0.0628446, -0.0180076
-400.031, -370.561, 1611.59, 0.347032, -0.068704, -0.0162594
-409.093, -371.463, 1591.22, 0.34643, -0.0962814, -0.00330756
-418.526, -372.288, 1573.54, 0.35509, -0.123017, -0.00139774
-430.208, -373.662, 1564.44, 0.360021, -0.141971, -0.0102143
-435.434, -368.845, 1533.85, 0.394604, -0.158159, -0.0134122
-444.002, -367.144, 1518.22, 0.38049, -0.153996, -0.0228165
-453.082, -366.705, 1509.42, 0.389794, -0.160483, -0.0277091
-459.82, -364.329, 1500.12, 0.373222, -0.156979, -0.0394471
-460.117, -354.411, 1462.74, 0.400289, -0.116646, -0.0314236
-465.46, -350.685, 1450.73, 0.426142, -0.125087, -0.0291049
-470.142, -347.735, 1438.36, 0.471716, -0.145699, -0.0243583
-471.846, -344.014, 1421.31, 0.48332, -0.156984, -0.0171977
-474.473, -342.646, 1410.92, 0.483909, -0.164337, -0.0146986
-476.122, -341.675, 1400.2, 0.482714, -0.172609, -0.0085723
-478.601, -341.666, 1395.39, 0.484843, -0.181305, -0.00678855
-480.529, -341.595, 1391.11, 0.476292, -0.187805, -0.00690056
-479.599, -341.388, 1382.17, 0.474235, -0.188477, -0.0139138
-481.252, -343.927, 1383.49, 0.463221, -0.184648, -0.0176166
-481.363, -347.497, 1382.66, 0.461441, -0.18815, -0.0159828
-485.686, -356.551, 1395.76, 0.437553, -0.20419, -0.0144458
-486.718, -363.805, 1402.66, 0.399023, -0.222549, -0.0190839
-491.015, -373.342, 1416.31, 0.370376, -0.226199, -0.00995026
-491.518, -379.97, 1421.96, 0.328906, -0.223747, -0.0123009
-491.549, -385.686, 1426.56, 0.287572, -0.221485, -0.0115592
-492.983, -392.608, 1435.75, 0.249275, -0.222785, -0.00795348
-493.711, -397.953, 1442.48, 0.208806, -0.227349, -0.000792429
-497.486, -404.216, 1456.85, 0.186155, -0.230029, 0.00730791
-499.672, -406.848, 1466.67, 0.165609, -0.238416, 0.00573394
-502.044, -409.317, 1478.61, 0.135885, -0.247152, -0.00146558
-506.103, -412.83, 1494.35, 0.115178, -0.253526, -0.00395967
-511.215, -416.503, 1512.17, 0.113171, -0.251399, -0.000736945
-515.171, -419.569, 1529.7, 0.10741, -0.264724, -0.0122584
-519.777, -423.173, 1548.33, 0.115857, -0.266653, -0.0116616
-522.928, -424.529, 1563.28, 0.116644, -0.261465, -0.0167287
-528.886, -427.37, 1585.87, 0.122826, -0.25056, -0.0205174
-532.164, -426.83, 1601.54, 0.140126, -0.250663, -0.0168646
-533.837, -427.475, 1614.57, 0.162056, -0.252254, -0.0138443
-535.11, -428.18, 1629.48, 0.154909, -0.247621, -0.0194717
-531.045, -426.209, 1631.74, 0.165254, -0.242475, -0.0271693
